x:
 1.0000000  2.0000000  3.0000000  4.0000000 

A:
 4.2000000 -7.2000000 -8.5000000  1.8000000 
 5.1000000 -1.8000000  7.0000000  2.7000000 
 5.7000000  6.9000000  7.2000000 -1.4000000 
-8.4000000  4.5000000  1.0000000  1.9000000 

b:
-28.5000000 33.3000000 35.5000000 11.2000000 

k = 1 m = 4
U:
 1.0000000 -0.5357143 -0.1190476 -0.2261905 
 0.0000000  0.9321429  7.6071429  3.8535714 
 0.0000000  9.9535714  7.8785714 -0.1107143 
 0.0000000 -4.9500000 -8.0000000  2.7500000 

L:
-8.4000000  0.0000000  0.0000000  0.0000000 
 0.0000000  0.0000000  0.0000000  0.0000000 
 0.0000000  0.0000000  0.0000000  0.0000000 
 0.0000000  0.0000000  0.0000000  0.0000000 

k = 2 m = 3
U:
 1.0000000 -0.5357143 -0.1190476 -0.2261905 
 0.0000000  1.0000000  0.7915321 -0.0111231 
 0.0000000  0.0000000  6.8693219  3.8639397 
 0.0000000  0.0000000 -4.0819160  2.6949408 

L:
-8.4000000  0.0000000  0.0000000  0.0000000 
 5.7000000  9.9535714  0.0000000  0.0000000 
 0.0000000  0.0000000  0.0000000  0.0000000 
 0.0000000  0.0000000  0.0000000  0.0000000 

k = 3 m = 3
U:
 1.0000000 -0.5357143 -0.1190476 -0.2261905 
 0.0000000  1.0000000  0.7915321 -0.0111231 
 0.0000000  0.0000000  1.0000000  0.5624922 
 0.0000000  0.0000000  0.0000000  4.9909866 

L:
-8.4000000  0.0000000  0.0000000  0.0000000 
 5.7000000  9.9535714  0.0000000  0.0000000 
 5.1000000  0.9321429  6.8693219  0.0000000 
 0.0000000  0.0000000  0.0000000  0.0000000 

k = 4 m = 4
U:
 1.0000000 -0.5357143 -0.1190476 -0.2261905 
 0.0000000  1.0000000  0.7915321 -0.0111231 
 0.0000000  0.0000000  1.0000000  0.5624922 
 0.0000000  0.0000000  0.0000000  1.0000000 

L:
-8.4000000  0.0000000  0.0000000  0.0000000 
 5.7000000  9.9535714  0.0000000  0.0000000 
 5.1000000  0.9321429  6.8693219  0.0000000 
 4.2000000 -4.9500000 -4.0819160  4.9909866 

P:
 0.0000000  0.0000000  0.0000000  1.0000000 
 0.0000000  0.0000000  1.0000000  0.0000000 
 0.0000000  1.0000000  0.0000000  0.0000000 
 1.0000000  0.0000000  0.0000000  0.0000000 


LU - PA
0.0000000e+00 0.0000000e+00 0.0000000e+00 0.0000000e+00 
0.0000000e+00 0.0000000e+00 0.0000000e+00 0.0000000e+00 
0.0000000e+00 0.0000000e+00 0.0000000e+00 0.0000000e+00 
0.0000000e+00 0.0000000e+00 0.0000000e+00 2.2204460e-16 


X:
 1.0000000  2.0000000  3.0000000  4.0000000 


A:
 4.2000000 -7.2000000 -8.5000000  1.8000000 
 5.1000000 -1.8000000  7.0000000  2.7000000 
 5.7000000  6.9000000  7.2000000 -1.4000000 
-8.4000000  4.5000000  1.0000000  1.9000000 


A^(-1):
 0.0808863  0.0036661  0.0937035 -0.0127942 
 0.0914356 -0.0608939  0.1516408  0.1116456 
-0.1127016  0.0786048 -0.0634088 -0.0516539 
 0.2003612  0.1190594  0.0884916  0.2325145 


A*A ^ (-1) : 
1.0000000e+00 -5.5511151e-17 -3.3306691e-16 5.5511151e-17 
0.0000000e+00 1.0000000e+00 -2.7755576e-17 0.0000000e+00 
-5.5511151e-17 5.5511151e-17 1.0000000e+00 0.0000000e+00 
5.5511151e-17 0.0000000e+00 2.7755576e-17 1.0000000e+00 


Определитель матрицы А = -2866.5432000
Число обусловленности матрицы A =
Норма-1: 13.8972609
Норма-2: 11.5036156
Норма-3: 6.4551768

Ax - b:
-3.5527137e-15
0.0000000e+00
0.0000000e+00
1.7763568e-15

Погрешность:
-1.1102230e-15
-8.8817842e-16
4.4408921e-16
-2.2204460e-15

Ранг = 4
