Variant=5b
x:
1.0000000 2.0000000 3.0000000 4.0000000 
A:
8.4000000 6.1000000 -1.9000000 0.4000000 
0.1000000 -0.3000000 -2.5000000 -8.7000000 
4.9000000 9.5000000 -7.9000000 1.8000000 
0.2000000 1.9000000 -9.9000000 -8.0000000 

b:
16.5000000 -42.8000000 7.4000000 -57.7000000 
k= 1 m= 1
U:
1.0000000 0.7261905 -0.2261905 0.0476190 
0.0000000 -0.3726190 -2.4773810 -8.7047619 
0.0000000 5.9416667 -6.7916667 1.5666667 
0.0000000 1.7547619 -9.8547619 -8.0095238 

L:
8.4000000 0.0000000 0.0000000 0.0000000 
0.0000000 0.0000000 0.0000000 0.0000000 
0.0000000 0.0000000 0.0000000 0.0000000 
0.0000000 0.0000000 0.0000000 0.0000000 

k= 2 m= 3
U:
1.0000000 0.7261905 -0.2261905 0.0476190 
0.0000000 1.0000000 -1.1430575 0.2636746 
0.0000000 0.0000000 -2.9033060 -8.6065117 
0.0000000 0.0000000 -7.8489681 -8.4722100 

L:
8.4000000 0.0000000 0.0000000 0.0000000 
4.9000000 5.9416667 0.0000000 0.0000000 
0.0000000 0.0000000 0.0000000 0.0000000 
0.0000000 0.0000000 0.0000000 0.0000000 

k= 3 m= 4
U:
1.0000000 0.7261905 -0.2261905 0.0476190 
0.0000000 1.0000000 -1.1430575 0.2636746 
-0.0000000 -0.0000000 1.0000000 1.0794043 
0.0000000 0.0000000 0.0000000 -5.4726708 

L:
8.4000000 0.0000000 0.0000000 0.0000000 
4.9000000 5.9416667 0.0000000 0.0000000 
0.2000000 1.7547619 -7.8489681 0.0000000 
0.0000000 0.0000000 0.0000000 0.0000000 

k= 4 m= 4
U:
1.0000000 0.7261905 -0.2261905 0.0476190 
0.0000000 1.0000000 -1.1430575 0.2636746 
-0.0000000 -0.0000000 1.0000000 1.0794043 
-0.0000000 -0.0000000 -0.0000000 1.0000000 

L:
8.4000000 0.0000000 0.0000000 0.0000000 
4.9000000 5.9416667 0.0000000 0.0000000 
0.2000000 1.7547619 -7.8489681 0.0000000 
0.1000000 -0.3726190 -2.9033060 -5.4726708 

Rank= 4
1 3 4 2 
L*U - P*A
0.00000000000000e+00 0.00000000000000e+00 0.00000000000000e+00 0.00000000000000e+00 
0.00000000000000e+00 0.00000000000000e+00 0.00000000000000e+00 0.00000000000000e+00 
0.00000000000000e+00 0.00000000000000e+00 0.00000000000000e+00 -1.77635683940025e-15 
0.00000000000000e+00 0.00000000000000e+00 0.00000000000000e+00 0.00000000000000e+00 

Determinant=2143.8750000
x:
1.0000000 2.0000000 3.0000000 4.0000000 
A:
8.4000000 6.1000000 -1.9000000 0.4000000 
0.1000000 -0.3000000 -2.5000000 -8.7000000 
4.9000000 9.5000000 -7.9000000 1.8000000 
0.2000000 1.9000000 -9.9000000 -8.0000000 

A^(-1):
0.2168000 -0.1453947 -0.1699437 0.1307194 
-0.1480931 0.2736316 0.2583649 -0.2468469 
-0.0393106 0.1972354 0.0715424 -0.2003620 
0.0188948 -0.1827261 -0.0314207 0.0675898 

A*A^(-1)
1.00000000000000e+00 -1.66533453693773e-16 -3.40005801291454e-16 1.28369537222284e-16 
0.00000000000000e+00 1.00000000000000e+00 -5.55111512312578e-17 0.00000000000000e+00 
-1.66533453693773e-16 1.66533453693773e-16 1.00000000000000e+00 0.00000000000000e+00 
2.77555756156289e-17 -2.22044604925031e-16 -5.55111512312578e-17 1.00000000000000e+00 

The condition number of the matrix A=
Cond-1: 22.3391698
Cond-2: 17.7375295
Cond-3: 11.7495217
A*x-b:
-1.06581410364015e-14 -7.10542735760100e-15 -1.06581410364015e-14 0.00000000000000e+00 
Absolute Error: 
-8.88178419700125e-16 3.55271367880050e-15 1.77635683940025e-15 -1.77635683940025e-15 

Relative Error: 
-8.88178419700124e-16 1.77635683940025e-15 5.92118946466751e-16 -4.44089209850062e-16 
