Variant=7b
x:
1.0000000 2.0000000 3.0000000 4.0000000 
A:
8.3000000 5.8000000 0.7000000 -8.8000000 
3.9000000 0.3000000 -0.7000000 9.0000000 
8.4000000 6.6000000 -6.3000000 1.4000000 
-7.7000000 -2.1000000 -5.7000000 5.0000000 

b:
-13.2000000 38.4000000 8.3000000 -9.0000000 
k= 1 m= 3
U:
1.0000000 0.7857143 -0.7500000 0.1666667 
0.0000000 -2.7642857 2.2250000 8.3500000 
0.0000000 -0.7214286 6.9250000 -10.1833333 
0.0000000 3.9500000 -11.4750000 6.2833333 

L:
8.4000000 0.0000000 0.0000000 0.0000000 
0.0000000 0.0000000 0.0000000 0.0000000 
0.0000000 0.0000000 0.0000000 0.0000000 
0.0000000 0.0000000 0.0000000 0.0000000 

k= 2 m= 4
U:
1.0000000 0.7857143 -0.7500000 0.1666667 
0.0000000 1.0000000 -2.9050633 1.5907173 
0.0000000 0.0000000 4.8292043 -9.0357444 
0.0000000 0.0000000 -5.8054250 12.7471971 

L:
8.4000000 0.0000000 0.0000000 0.0000000 
-7.7000000 3.9500000 0.0000000 0.0000000 
0.0000000 0.0000000 0.0000000 0.0000000 
0.0000000 0.0000000 0.0000000 0.0000000 

k= 3 m= 4
U:
1.0000000 0.7857143 -0.7500000 0.1666667 
0.0000000 1.0000000 -2.9050633 1.5907173 
-0.0000000 -0.0000000 1.0000000 -2.1957388 
0.0000000 0.0000000 0.0000000 1.5679272 

L:
8.4000000 0.0000000 0.0000000 0.0000000 
-7.7000000 3.9500000 0.0000000 0.0000000 
3.9000000 -2.7642857 -5.8054250 0.0000000 
0.0000000 0.0000000 0.0000000 0.0000000 

k= 4 m= 4
U:
1.0000000 0.7857143 -0.7500000 0.1666667 
0.0000000 1.0000000 -2.9050633 1.5907173 
-0.0000000 -0.0000000 1.0000000 -2.1957388 
0.0000000 0.0000000 0.0000000 1.0000000 

L:
8.4000000 0.0000000 0.0000000 0.0000000 
-7.7000000 3.9500000 0.0000000 0.0000000 
3.9000000 -2.7642857 -5.8054250 0.0000000 
8.3000000 -0.7214286 4.8292043 1.5679272 

Rank= 4
3 4 2 1 
L*U - P*A
0.00000000000000e+00 0.00000000000000e+00 -8.88178419700125e-16 0.00000000000000e+00 
0.00000000000000e+00 0.00000000000000e+00 -8.88178419700125e-16 0.00000000000000e+00 
0.00000000000000e+00 -1.66533453693773e-16 -2.22044604925031e-16 0.00000000000000e+00 
0.00000000000000e+00 0.00000000000000e+00 2.22044604925031e-16 0.00000000000000e+00 

Determinant=302.0204000
x:
1.0000000 2.0000000 3.0000000 4.0000000 
A:
8.3000000 5.8000000 0.7000000 -8.8000000 
3.9000000 0.3000000 -0.7000000 9.0000000 
8.4000000 6.6000000 -6.3000000 1.4000000 
-7.7000000 -2.1000000 -5.7000000 5.0000000 

A^(-1):
-1.4553586 -0.9466447 0.9633257 -1.1272020 
3.0537407 2.0398291 -1.9125728 2.2384117 
1.4004087 0.9926680 -0.9733647 0.9504590 
0.6377847 0.5305370 -0.4293948 0.4877651 

A*A^(-1)
1.00000000000000e+00 0.00000000000000e+00 0.00000000000000e+00 2.66453525910038e-15 
3.55271367880050e-15 1.00000000000000e+00 0.00000000000000e+00 8.88178419700125e-16 
4.44089209850063e-16 -3.33066907387547e-16 1.00000000000000e+00 2.55351295663786e-15 
1.33226762955019e-15 1.77635683940025e-15 -3.55271367880050e-15 1.00000000000000e+00 

The condition number of the matrix A=
Cond-1: 218.1714825
Cond-2: 185.2883871
Cond-3: 104.9133734
A*x-b:
-4.97379915032070e-14 2.84217094304040e-14 -2.66453525910038e-14 2.13162820728030e-14 
Error: 
1.06581410364015e-14 -1.77635683940025e-14 -1.06581410364015e-14 -7.99360577730113e-15 
