Variant=7b
x:
1.0000000 2.0000000 3.0000000 4.0000000 
A:
8.3000000 5.8000000 0.7000000 -8.8000000 
3.9000000 0.3000000 -0.7000000 9.0000000 
8.4000000 6.6000000 -6.3000000 1.4000000 
-7.7000000 -2.1000000 -5.7000000 5.0000000 

b:
-13.2000000 38.4000000 8.3000000 -9.0000000 
k= 1 m= 3
U:
1.0000000 0.7857143 -0.7500000 0.1666667 
0.0000000 -2.7642857 2.2250000 8.3500000 
0.0000000 -0.7214286 6.9250000 -10.1833333 
0.0000000 3.9500000 -11.4750000 6.2833333 

L:
8.4000000 0.0000000 0.0000000 0.0000000 
0.0000000 0.0000000 0.0000000 0.0000000 
0.0000000 0.0000000 0.0000000 0.0000000 
0.0000000 0.0000000 0.0000000 0.0000000 

k= 2 m= 4
U:
1.0000000 0.7857143 -0.7500000 0.1666667 
0.0000000 1.0000000 -2.9050633 1.5907173 
0.0000000 0.0000000 4.8292043 -9.0357444 
0.0000000 0.0000000 -5.8054250 12.7471971 

L:
8.4000000 0.0000000 0.0000000 0.0000000 
-7.7000000 3.9500000 0.0000000 0.0000000 
0.0000000 0.0000000 0.0000000 0.0000000 
0.0000000 0.0000000 0.0000000 0.0000000 

k= 3 m= 4
U:
1.0000000 0.7857143 -0.7500000 0.1666667 
0.0000000 1.0000000 -2.9050633 1.5907173 
-0.0000000 -0.0000000 1.0000000 -2.1957388 
0.0000000 0.0000000 0.0000000 1.5679272 

L:
8.4000000 0.0000000 0.0000000 0.0000000 
-7.7000000 3.9500000 0.0000000 0.0000000 
3.9000000 -2.7642857 -5.8054250 0.0000000 
0.0000000 0.0000000 0.0000000 0.0000000 

k= 4 m= 3
U:
1.0000000 0.7857143 -0.7500000 0.1666667 
0.0000000 1.0000000 -2.9050633 1.5907173 
0.0000000 0.0000000 0.0000000 1.5679272 
0.0000000 0.0000000 -0.4554276 1.0000000 

L:
8.4000000 0.0000000 0.0000000 0.0000000 
-7.7000000 3.9500000 0.0000000 0.0000000 
3.9000000 -2.7642857 -5.8054250 0.0000000 
3.9000000 -2.7642857 -5.8054250 21.8496805 

Rank= 4
3 4 1 2 
L*U - P*A
0.00000000000000e+00 0.00000000000000e+00 -8.88178419700125e-16 0.00000000000000e+00 
0.00000000000000e+00 0.00000000000000e+00 -8.88178419700125e-16 0.00000000000000e+00 
-4.40000000000000e+00 -5.50000000000000e+00 4.40542495479205e+00 -4.04968053043998e+00 
0.00000000000000e+00 -1.66533453693773e-16 -4.14552187249680e+00 0.00000000000000e+00 

Determinant=-4208.7728625
x:
1.0000000 2.0000000 3.0000000 4.0000000 
A:
8.3000000 5.8000000 0.7000000 -8.8000000 
3.9000000 0.3000000 -0.7000000 9.0000000 
8.4000000 6.6000000 -6.3000000 1.4000000 
-7.7000000 -2.1000000 -5.7000000 5.0000000 

A^(-1):
0.1044361 0.1595497 -0.0165088 -0.0141727 
-0.2191356 -0.2812693 0.1433882 -0.0970284 
-0.1004929 -0.0717597 -0.0305258 -0.1205457 
-0.0457673 0.0457673 0.0000000 0.0000000 

A*A^(-1)
-7.17597289916291e-02 -7.60083655010364e-01 6.73259822244373e-01 -7.64780089708447e-01 
5.55111512312578e-17 1.00000000000000e+00 9.71445146547012e-17 -1.66533453693773e-16 
0.00000000000000e+00 -5.55111512312578e-17 1.00000000000000e+00 -1.11022302462516e-16 
-3.60822483003176e-16 -1.38777878078145e-16 -1.66533453693773e-16 1.00000000000000e+00 

The condition number of the matrix A=
Cond-1: 17.4833873
Cond-2: 15.8011909
Cond-3: 8.2314461
A*x-b:
-2.56890659770414e+00 0.00000000000000e+00 -1.77635683940025e-15 0.00000000000000e+00 
Error: 
-3.73868042426161e+00 7.84477473644082e+00 3.59751918516817e+00 1.63840940703397e+00 
