Variant=8b
x:
1.0000000 2.0000000 3.0000000 4.0000000 
A:
0.2000000 4.1000000 5.7000000 -1.0000000 
-4.6000000 -7.8000000 -7.8000000 -3.8000000 
9.6000000 2.3000000 6.0000000 8.3000000 
-1.6000000 -5.2000000 -1.2000000 0.9000000 

b:
21.5000000 -58.8000000 65.4000000 -12.0000000 
k= 1 m= 3
U:
1.0000000 0.2395833 0.6250000 0.8645833 
0.0000000 -6.6979167 -4.9250000 0.1770833 
0.0000000 4.0520833 5.5750000 -1.1729167 
0.0000000 -4.8166667 -0.2000000 2.2833333 

L:
9.6000000 0.0000000 0.0000000 0.0000000 
0.0000000 0.0000000 0.0000000 0.0000000 
0.0000000 0.0000000 0.0000000 0.0000000 
0.0000000 0.0000000 0.0000000 0.0000000 

k= 2 m= 2
U:
1.0000000 0.2395833 0.6250000 0.8645833 
-0.0000000 1.0000000 0.7353033 -0.0264386 
0.0000000 0.0000000 2.5954899 -1.0657854 
0.0000000 0.0000000 3.3417107 2.1559876 

L:
9.6000000 0.0000000 0.0000000 0.0000000 
-4.6000000 -6.6979167 0.0000000 0.0000000 
0.0000000 0.0000000 0.0000000 0.0000000 
0.0000000 0.0000000 0.0000000 0.0000000 

k= 3 m= 4
U:
1.0000000 0.2395833 0.6250000 0.8645833 
-0.0000000 1.0000000 0.7353033 -0.0264386 
0.0000000 0.0000000 1.0000000 0.6451748 
0.0000000 0.0000000 0.0000000 -2.7403301 

L:
9.6000000 0.0000000 0.0000000 0.0000000 
-4.6000000 -6.6979167 0.0000000 0.0000000 
-1.6000000 -4.8166667 3.3417107 0.0000000 
0.0000000 0.0000000 0.0000000 0.0000000 

k= 4 m= 4
U:
1.0000000 0.2395833 0.6250000 0.8645833 
-0.0000000 1.0000000 0.7353033 -0.0264386 
0.0000000 0.0000000 1.0000000 0.6451748 
-0.0000000 -0.0000000 -0.0000000 1.0000000 

L:
9.6000000 0.0000000 0.0000000 0.0000000 
-4.6000000 -6.6979167 0.0000000 0.0000000 
-1.6000000 -4.8166667 3.3417107 0.0000000 
0.2000000 4.0520833 2.5954899 -2.7403301 

Rank= 4
3 2 4 1 
L*U - P*A
0.00000000000000e+00 0.00000000000000e+00 0.00000000000000e+00 0.00000000000000e+00 
0.00000000000000e+00 0.00000000000000e+00 0.00000000000000e+00 0.00000000000000e+00 
0.00000000000000e+00 8.88178419700125e-16 -2.22044604925031e-16 -1.11022302462516e-16 
0.00000000000000e+00 0.00000000000000e+00 0.00000000000000e+00 2.22044604925031e-16 

Determinant=588.8202000
x:
1.0000000 2.0000000 3.0000000 4.0000000 
A:
0.2000000 4.1000000 5.7000000 -1.0000000 
-4.6000000 -7.8000000 -7.8000000 -3.8000000 
9.6000000 2.3000000 6.0000000 8.3000000 
-1.6000000 -5.2000000 -1.2000000 0.9000000 

A^(-1):
0.2121429 0.3791905 0.2315953 -0.2990828 
-0.1827655 -0.2037158 -0.1068204 -0.0780850 
0.2354369 0.0587378 0.0426378 0.1163853 
-0.3649195 -0.4245914 -0.1486090 0.2834312 

A*A^(-1)
1.00000000000000e+00 -3.33066907387547e-16 2.77555756156289e-17 5.55111512312578e-17 
-2.22044604925031e-16 1.00000000000000e+00 1.11022302462516e-16 -2.22044604925031e-16 
4.44089209850063e-16 4.44089209850063e-16 1.00000000000000e+00 0.00000000000000e+00 
5.55111512312578e-17 1.11022302462516e-16 1.11022302462516e-16 1.00000000000000e+00 

The condition number of the matrix A=
Cond-1: 32.0046405
Cond-2: 22.0710748
Cond-3: 16.8432929
A*x-b:
1.06581410364015e-14 2.84217094304040e-14 -2.84217094304040e-14 7.10542735760100e-15 
Error: 
-8.88178419700125e-16 3.55271367880050e-15 -3.10862446895044e-15 6.21724893790088e-15 
