Variant=input
x:
1.0000000 2.0000000 3.0000000 4.0000000 
A:
-8.8000000 0.7000000 4.5000000 3.0000000 
-2.0000000 -0.4000000 9.7000000 8.6000000 
-9.7000000 -9.5000000 3.8000000 -3.5000000 
-7.1000000 1.6000000 1.4000000 2.9000000 

b:
18.1000000 60.7000000 -31.3000000 11.9000000 
k= 1 m= 3
U:
1.0000000 0.9793814 -0.3917526 0.3608247 
0.0000000 1.5587629 8.9164948 9.3216495 
0.0000000 9.3185567 1.0525773 6.1752577 
0.0000000 8.5536082 -1.3814433 5.4618557 

L:
-9.7000000 0.0000000 0.0000000 0.0000000 
0.0000000 0.0000000 0.0000000 0.0000000 
0.0000000 0.0000000 0.0000000 0.0000000 
0.0000000 0.0000000 0.0000000 0.0000000 

k= 2 m= 3
U:
1.0000000 0.9793814 -0.3917526 0.3608247 
0.0000000 1.0000000 0.1129550 0.6626839 
0.0000000 0.0000000 8.7404248 8.2886824 
0.0000000 0.0000000 -2.3476159 -0.2064830 

L:
-9.7000000 0.0000000 0.0000000 0.0000000 
-8.8000000 9.3185567 0.0000000 0.0000000 
0.0000000 0.0000000 0.0000000 0.0000000 
0.0000000 0.0000000 0.0000000 0.0000000 

k= 3 m= 3
U:
1.0000000 0.9793814 -0.3917526 0.3608247 
0.0000000 1.0000000 0.1129550 0.6626839 
0.0000000 0.0000000 1.0000000 0.9483157 
0.0000000 0.0000000 0.0000000 2.0197981 

L:
-9.7000000 0.0000000 0.0000000 0.0000000 
-8.8000000 9.3185567 0.0000000 0.0000000 
-2.0000000 1.5587629 8.7404248 0.0000000 
0.0000000 0.0000000 0.0000000 0.0000000 

k= 4 m= 4
U:
1.0000000 0.9793814 -0.3917526 0.3608247 
0.0000000 1.0000000 0.1129550 0.6626839 
0.0000000 0.0000000 1.0000000 0.9483157 
0.0000000 0.0000000 0.0000000 1.0000000 

L:
-9.7000000 0.0000000 0.0000000 0.0000000 
-8.8000000 9.3185567 0.0000000 0.0000000 
-2.0000000 1.5587629 8.7404248 0.0000000 
-7.1000000 8.5536082 -2.3476159 2.0197981 

Rank= 4
3 1 2 4 
L*U - P*A
0.00000000000000e+00 0.00000000000000e+00 0.00000000000000e+00 -4.44089209850063e-16 
0.00000000000000e+00 -6.66133814775094e-16 0.00000000000000e+00 4.44089209850063e-16 
0.00000000000000e+00 1.11022302462516e-16 0.00000000000000e+00 -1.77635683940025e-15 
0.00000000000000e+00 -4.44089209850063e-16 0.00000000000000e+00 0.00000000000000e+00 

Determinant=-1595.7354000
x:
1.0000000 2.0000000 3.0000000 4.0000000 
A:
-8.8000000 0.7000000 4.5000000 3.0000000 
-2.0000000 -0.4000000 9.7000000 8.6000000 
-9.7000000 -9.5000000 3.8000000 -3.5000000 
-7.1000000 1.6000000 1.4000000 2.9000000 

A^(-1):
-0.0249910 0.0324484 -0.0189023 -0.0931865 
0.3743139 -0.0868026 -0.1203533 -0.2750606 
0.4329252 -0.0116962 -0.0466832 -0.4695102 
-0.4767012 0.1329801 0.0426606 0.4950990 

A*A^(-1)
1.00000000000000e+00 -1.66533453693773e-16 -2.77555756156289e-17 -1.33226762955019e-15 
-8.88178419700125e-16 1.00000000000000e+00 0.00000000000000e+00 0.00000000000000e+00 
-4.44089209850063e-16 5.55111512312578e-17 1.00000000000000e+00 -2.22044604925031e-16 
0.00000000000000e+00 5.55111512312578e-17 0.00000000000000e+00 9.99999999999999e-01 

The condition number of the matrix A=
Cond-1: 30.4071828
Cond-2: 36.7868342
Cond-3: 19.4898336
A*x-b:
-1.77635683940025e-14 -7.10542735760100e-15 -3.55271367880050e-15 -1.06581410364015e-14 
Error: 
-1.33226762955019e-15 8.88178419700125e-16 8.88178419700125e-16 0.00000000000000e+00 
